报告日期,2019-03-31,2018-12-31,2018-09-30,2018-06-30,2018-03-31,2017-12-31,2017-09-30,2017-06-30,2017-03-31,2016-12-31,2016-09-30,2016-06-30,2016-03-31,2015-12-31,2015-09-30,2015-06-30,2015-03-31,2014-12-31,2014-09-30,2014-06-30,2014-03-31,2013-12-31,2013-09-30,2013-06-30,2013-03-31,2012-12-31,2012-09-30,2012-06-30,2012-03-31,2011-12-31,2011-09-30,2011-06-30,2011-03-31,2010-12-31,2010-09-30,2010-06-30,2010-03-31,2009-12-31,2009-09-30,2009-06-30,2009-03-31,2008-12-31,2008-09-30,2008-06-30,2008-03-31,2007-12-31,2007-09-30,2007-06-30,2007-03-31,2006-12-31,
货币资金(万元),104801,183920,3778846,3988540,3664002,3415143,3276678,2864775,2981964,2732514,2605923,2204653,1641995,1581834,1248004,1188832,1328132,998527,722516,837871,839408,849705,677042,701704,714587,610581,573510,585922,597674,632304,656593,857677,694276,275969,268895,245105,192400,199022,262591,268770,175152,148235,166494,176905,130836,151819,173030,77103,45459,70790,
结算备付金(万元),--,--,--,--,--,--,--,--,--,--,--,--,--,--,--,--,--,--,--,--,--,--,--,--,--,--,--,--,--,--,--,--,--,--,--,0,--,0,--,0,--,--,--,--,--,--,--,0,0,0,
拆出资金(万元),--,--,--,--,--,--,--,--,--,--,--,--,--,--,--,--,--,--,--,--,--,--,--,--,--,--,--,--,--,--,--,--,--,--,--,0,--,0,--,0,--,--,--,--,--,--,--,0,0,0,
交易性金融资产(万元),--,--,--,--,--,--,--,--,--,--,--,--,--,--,--,4100,--,--,--,--,--,--,--,--,--,--,--,--,--,--,--,--,--,--,--,0,--,0,--,0,--,--,--,--,--,--,--,0,0,0,
衍生金融资产(万元),--,--,--,--,--,--,--,--,--,--,--,--,--,--,--,--,--,--,--,--,--,--,--,--,--,--,--,--,--,--,--,--,--,--,--,0,--,0,--,0,--,--,--,--,--,--,--,--,0,0,
应收票据(万元),22770,18064,27938,28807,28310,26697,26894,21557,22899,22392,17094,14210,14703,34859,15563,32594,23814,22026,10631,12855,10152,16602,11813,11831,6215,5313,7691,4691,2474,10206,6531,2552,1206,875,654,1602,--,800,--,0,--,--,--,--,--,--,--,0,0,0,
应收账款(万元),629465,631831,610559,563279,501739,435101,425029,388846,354578,309518,328301,323645,284583,255040,258974,258035,242405,223005,208735,202480,185038,170535,171693,156094,152529,133075,128209,108577,89107,67573,67389,59975,50623,46326,33590,29984,28403,27843,22439,21634,17529,16390,14349,13595,11191,10662,11151,10663,9052,9191,
预付款项(万元),163529,126413,160225,147241,136886,113034,120535,115500,98559,72054,82516,67343,59199,55965,80204,79469,80795,59723,40080,42473,60285,32295,43989,39207,33503,34611,28640,29335,48986,40289,21551,24014,19466,19925,20766,9947,23981,17145,19805,18168,6907,6881,4180,4843,24627,23310,21653,20088,20536,20076,
应收保费(万元),--,--,--,--,--,--,--,--,--,--,--,--,--,--,--,--,--,--,--,--,--,--,--,--,--,--,--,--,--,--,--,--,--,--,--,0,--,0,--,0,--,--,--,--,--,--,--,0,0,0,
应收分保账款(万元),--,--,--,--,--,--,--,--,--,--,--,--,--,--,--,--,--,--,--,--,--,--,--,--,--,--,--,--,--,--,--,--,--,--,--,0,--,0,--,0,--,--,--,--,--,--,--,0,0,0,
应收分保合同准备金(万元),--,--,--,--,--,--,--,--,--,--,--,--,--,--,--,--,--,--,--,--,--,--,--,--,--,--,--,--,--,--,--,--,--,--,--,0,--,0,--,0,--,--,--,--,--,--,--,0,0,0,
应收利息(万元),--,--,6936,5287,4580,4719,4602,4683,3986,4174,1795,3010,1951,3015,2540,3953,2073,492,1485,413,789,107,1315,205,842,226,--,--,--,--,--,--,--,--,--,0,--,0,--,0,--,--,--,--,--,--,--,0,0,0,
应收股利(万元),--,--,--,--,--,--,--,--,--,--,--,--,--,--,--,--,--,--,--,--,--,--,--,--,--,--,--,--,--,--,--,--,--,--,--,0,--,0,--,0,--,--,--,--,--,--,--,0,0,0,
其他应收款(万元),--,922837,--,28736,21536,18032,14962,10615,15133,14013,11338,9294,10125,7825,7878,7291,8127,5321,13362,12927,11151,8619,5729,6397,4131,4807,6342,6236,5061,4471,3354,2242,5375,3281,4108,977,1064,849,992,849,180,147,340,224,130,402,370,354,159,124,
应收出口退税(万元), --,--,--,--,--,--,--,--,--,--,--,--,--,--,--,--,--,--,--,--,--,--,--,--,--,--,--,--,--,--,--,--,--,--,--,0,--,0,--,0,--,--,--,--,--,--,--,0,0,0,
应收补贴款(万元),--,--,--,--,--,--,--,--,--,--,--,--,--,--,--,--,--,--,--,--,--,--,--,--,--,--,--,--,--,--,--,--,--,--,--,0,--,0,--,0,--,--,--,--,--,--,--,0,0,0,
应收保证金(万元),--,--,--,--,--,--,--,--,--,--,--,--,--,--,--,--,--,--,--,--,--,--,--,--,--,--,--,--,--,--,--,--,--,--,--,0,--,0,--,0,--,--,--,--,--,--,--,--,0,0,
内部应收款(万元),--,--,--,--,--,--,--,--,--,--,--,--,--,--,--,--,--,--,--,--,--,--,--,--,--,--,--,--,--,--,--,--,--,--,--,0,--,0,--,0,--,--,--,--,--,--,--,--,0,0,
买入返售金融资产(万元),--,--,--,--,--,--,--,--,--,--,--,--,--,--,--,--,--,--,--,--,--,--,--,--,--,--,--,--,--,--,--,--,--,--,--,0,--,0,--,0,--,--,--,--,--,--,--,0,0,0,
存货(万元),3366041,3420962,1844986,1701361,1557429,1570019,1520753,1428055,1266767,1261937,1215366,1141476,1039317,979470,898648,853536,737658,736866,502358,505535,472951,378591,386987,370762,366703,355976,218393,215490,212633,190603,174089,113666,102092,114446,128513,137587,116463,102754,78688,70142,59542,56568,43601,36735,29893,26715,24514,23392,21608,20637,
待摊费用(万元),--,--,--,--,--,--,--,--,--,--,--,--,--,--,--,--,--,--,--,--,--,--,--,--,--,--,--,--,--,--,--,--,--,--,--,0,--,0,--,0,--,--,--,--,--,--,328,959,50,0,
待处理流动资产损益(万元),--,--,--,--,--,--,--,--,--,--,--,--,--,--,--,--,--,--,--,--,--,--,--,--,--,--,--,--,--,--,--,--,--,--,--,0,--,0,--,0,--,--,--,--,--,--,--,--,0,0,
一年内到期的非流动资产(万元),--,--,--,--,--,--,--,--,--,--,--,--,--,--,--,--,--,--,--,--,--,--,--,--,--,--,--,--,--,--,--,--,--,--,--,0,--,0,--,0,--,--,--,--,--,--,--,0,0,0,
其他流动资产(万元),116015,120069,85788,78364,65993,65162,38519,33012,17063,29552,24826,24347,20072,26763,24653,24606,15185,19400,16765,21963,17082,7822,7088,9193,6207,6811,--,--,--,--,--,--,--,--,--,0,--,0,--,0,--,--,--,--,--,--,--,0,0,0,
流动资产合计(万元),5342079,5424097,6548843,6541615,5980475,5647908,5427972,4867043,4760949,4446154,4287158,3787978,3071945,2944771,2536464,2452416,2438189,2065360,1515932,1636517,1596856,1464276,1305656,1295394,1284718,1151400,962785,950252,955936,945446,929506,1060125,873038,460823,456526,425201,362311,348414,384515,379564,259309,228221,228963,232303,196676,212909,231045,132559,96865,120818,
发放贷款及垫款(万元),--,--,--,--,--,--,--,--,--,--,--,--,--,--,--,--,--,--,--,--,--,--,--,--,--,--,--,--,--,--,--,--,--,--,--,0,--,0,--,0,--,--,--,--,--,--,--,0,0,0,
可供出售金融资产(万元),111,111,600,600,600,600,600,500,--,--,--,--,--,--,--,--,--,--,--,--,--,--,--,--,--,--,--,--,--,--,--,--,--,--,--,0,--,0,--,0,0,0,--,--,--,--,--,0,0,0,
持有至到期投资(万元),--,--,--,--,--,--,--,--,--,--,--,--,--,--,--,--,--,--,--,--,--,--,--,--,--,--,--,--,--,--,--,--,--,--,--,0,--,0,--,0,--,--,--,--,--,--,--,0,0,0,
长期应收款(万元),--,--,--,--,--,--,--,--,--,--,--,--,--,--,--,--,--,--,--,--,--,--,--,--,--,--,--,--,--,--,--,--,--,--,--,0,--,0,--,0,--,--,--,--,--,--,--,0,0,0,
长期股权投资(万元),59348,55546,54556,54085,52848,51760,99364,86708,84351,44462,42865,42094,40197,40700,37038,37813,35912,33333,31767,31195,29740,28587,30828,26113,24699,23209,22224,21044,21878,20474,19800,18871,21141,19829,17791,16666,19883,18249,15567,13791,14242,13144,7656,7656,7656,7656,7656,0,0,0,
其他长期投资(万元),--,--,--,--,--,--,--,--,--,--,--,--,--,--,--,--,--,--,--,--,--,--,--,--,--,--,--,--,--,--,--,--,--,--,--,0,--,0,--,0,--,--,--,--,--,--,--,--,0,0,
投资性房地产(万元),415303,416952,117840,122410,122608,123582,83702,80010,80665,81321,76299,76916,77533,67900,57788,58210,58633,52500,51707,52578,53028,53479,5518,5642,4873,4989,5105,5221,5337,5454,5570,5686,5802,5918,--,0,--,0,--,0,--,--,--,--,--,--,--,0,0,0,
固定资产原值(万元),--,1142513,--,840632,--,820565,--,784450,--,767637,--,620936,--,604945,--,543826,--,531855,--,479690,--,462507,--,439729,--,318948,--,280003,--,221857,--,138217,--,134928,--,133311,--,121862,--,110225,--,103326,--,91061,--,90536,--,58976,0,54922,
累计折旧(万元),--,246898,--,227838,--,209353,--,192867,--,175303,--,138890,--,125542,--,113064,--,100433,--,88101,--,77255,--,66962,--,58546,--,51231,--,45415,--,41304,--,37924,--,35909,--,30202,--,27100,--,23248,--,20702,--,18250,--,16220,0,14507,
固定资产净值(万元),--,895615,--,612794,--,611212,--,591583,--,592333,--,482046,--,479403,--,430762,--,431422,--,391589,--,385252,--,372768,--,260402,--,228772,--,176442,--,96913,--,97004,--,97403,--,91660,--,83125,--,80078,--,70359,--,72285,--,42756,0,40415,
固定资产减值准备(万元),--,590,--,590,--,590,--,368,--,368,--,368,--,368,--,368,--,368,--,368,--,368,--,368,--,368,--,267,--,267,--,267,--,267,--,267,--,267,--,267,--,267,--,267,--,267,--,267,0,267,
固定资产(万元),--,895025,637477,612204,609806,610622,584594,591215,594345,591965,481594,481678,485731,479035,427599,430394,427797,431054,387926,391220,381368,384884,371897,372399,302306,260034,257723,228505,178270,176175,146463,96646,95702,96737,97346,97136,90959,91394,83137,82858,78705,79812,73969,70092,71024,72019,42104,42489,42348,40148,
在建工程(万元),--,298722,444791,159662,126938,108452,32520,30634,28561,24183,110722,103511,14485,17316,54111,49716,50079,45408,128264,126743,118866,76745,58779,48885,115093,145520,219722,217291,227091,159338,115648,100312,94121,83348,71637,69848,69630,69877,55753,51619,48888,47952,35904,38832,35862,15413,28887,25131,20355,18756,
工程物资(万元),--,--,--,--,--,--,--,--,--,--,--,--,--,--,--,--,--,--,--,--,--,--,--,--,--,--,--,--,--,--,--,--,--,--,--,0,--,0,--,0,--,--,--,--,--,--,--,0,0,0,
固定资产清理(万元),--,--,--,--,--,--,--,--,--,--,--,--,--,--,--,--,--,--,--,--,--,--,--,--,--,--,--,--,--,--,--,--,--,--,--,0,--,0,--,0,--,--,--,--,--,--,--,0,0,0,
生产性生物资产(万元),--,--,--,--,--,--,--,--,--,--,--,--,--,--,--,--,--,--,--,--,--,--,--,--,--,--,--,--,--,--,--,--,--,--,--,0,--,0,--,0,--,--,--,--,--,--,--,0,0,0,
公益性生物资产(万元),--,--,--,--,--,--,--,--,--,--,--,--,--,--,--,--,--,--,--,--,--,--,--,--,--,--,--,--,--,--,--,--,--,--,--,0,--,0,--,0,--,--,--,--,--,--,--,--,0,0,
油气资产(万元),--,--,--,--,--,--,--,--,--,--,--,--,--,--,--,--,--,--,--,--,--,--,--,--,--,--,--,--,--,--,--,--,--,--,--,0,--,0,--,0,--,--,--,--,--,--,--,0,0,0,
无形资产(万元),209970,209753,205330,206706,196688,196355,192821,186535,180839,181494,104398,104228,104752,105238,106160,106659,106616,107197,180123,180921,179415,180269,187586,185868,186824,187744,207273,206949,203932,195308,196852,138553,135023,135228,91315,92060,87754,87104,51369,51529,51239,51501,48544,48828,29734,11951,12069,12186,12304,12412,
开发支出(万元),5567,3744,3011,2548,3565,2991,1689,2679,1590,1553,--,--,--,--,--,--,--,--,--,--,--,--,--,--,--,--,--,--,--,--,--,--,--,--,--,0,--,0,--,0,--,--,--,--,--,--,--,0,0,0,
商誉(万元),56885,56885,56392,55433,55273,55273,47405,47113,47113,45619,31673,30473,30473,30473,30473,30473,24039,22359,22391,22391,17294,17294,17294,16960,16960,16960,16960,16960,16960,16960,16140,16140,16081,16081,14716,14716,6092,6092,4106,4106,--,--,--,--,--,--,--,0,0,0,
长期待摊费用(万元),24687,24298,24433,23962,22107,22441,20430,19460,19882,20354,18663,6399,6496,6750,8127,8911,9077,6214,6298,7161,8113,5411,4166,5075,3295,3401,3996,4022,4016,2802,2594,2105,2423,2043,1369,1383,860,53,53,63,57,52,57,62,26,28,48,37,58,78,
股权分置流通权(万元),--,--,--,--,--,--,--,--,--,--,--,--,--,--,--,--,--,--,--,--,--,--,--,--,--,--,--,--,--,--,--,--,--,--,--,0,--,0,--,0,--,--,--,--,--,--,--,--,0,0,
递延所得税资产(万元),34209,33386,33354,29232,27737,26100,17310,18858,16714,16729,12324,12249,12446,12593,7794,7214,6850,6962,5840,5402,4750,5155,3329,2136,2186,2573,2208,1970,1732,1793,860,847,821,813,427,448,461,516,943,932,183,176,207,190,182,209,193,174,162,165,
其他非流动资产(万元),31846,44274,54631,65349,20842,26118,25263,22970,27570,28556,135002,150002,108137,105746,36477,30221,18874,17544,28468,20245,25515,9039,5071,--,--,--,--,--,--,--,--,--,--,--,--,0,--,0,--,0,--,--,--,--,--,--,--,0,0,0,
非流动资产合计(万元),2037631,2038696,1632417,1332190,1239012,1224294,1105698,1086682,1081631,1036235,1013539,1007551,880250,865751,765568,759612,737878,722572,842782,837856,818090,760863,684469,663079,656236,644429,735212,701962,659215,578303,503926,379161,371114,359996,294600,292257,275639,273286,210929,204899,193314,192637,166337,165660,144484,107276,90956,80017,75226,71559,
资产总计(万元),7379709,7462794,8181260,7873805,7219487,6872202,6533670,5953725,5842580,5482390,5300697,4795528,3952194,3810523,3302032,3212027,3176068,2787932,2358715,2474373,2414946,2225139,1990125,1958472,1940953,1795829,1697997,1652214,1615151,1523749,1433432,1439286,1244152,820820,751126,717458,637950,621700,595444,584463,452623,420859,395300,397963,341160,320185,322001,212576,172091,192377,
短期借款(万元),1494000,1157657,1245173,1245204,1184704,1137025,906555,907243,822743,825234,729000,659950,612000,462000,361981,321835,270000,342000,322000,302000,252000,229408,169408,259408,269408,210000,150000,150000,130000,100000,80000,110000,138000,114000,116024,111024,46524,86024,87424,97424,75900,56900,41900,51900,51900,37900,44900,41900,46900,49900,
向中央银行借款(万元),--,--,--,--,--,--,--,--,--,--,--,--,--,--,--,--,--,--,--,--,--,--,--,--,--,--,--,--,--,--,--,--,--,--,--,0,--,0,--,0,--,--,--,--,--,--,--,0,0,0,
吸收存款及同业存放(万元),--,--,--,--,--,--,--,--,--,--,--,--,--,--,--,--,--,--,--,--,--,--,--,--,--,--,--,--,--,--,--,--,--,--,--,0,--,0,--,0,--,--,--,--,--,--,--,0,0,0,
拆入资金(万元),--,--,--,--,--,--,--,--,--,--,--,--,--,--,--,--,--,--,--,--,--,--,--,--,--,--,--,--,--,--,--,--,--,--,--,0,--,0,--,0,--,--,--,--,--,--,--,0,0,0,
交易性金融负债(万元),--,--,--,--,--,--,--,--,--,--,--,--,--,--,--,--,--,--,--,--,--,--,--,--,--,--,--,--,--,--,--,--,--,--,--,0,--,0,--,0,0,0,--,--,--,--,--,0,0,0,
衍生金融负债(万元),--,--,--,--,--,--,--,--,--,--,--,--,--,--,--,--,--,--,--,--,--,--,--,--,--,--,--,--,--,--,--,--,--,--,--,0,--,0,--,0,--,--,--,--,--,--,--,--,0,0,
应付票据(万元),--,8251,--,3103,2698,2201,985,9274,9495,6418,5707,8519,8943,20130,20011,60153,60000,40000,--,40000,40000,--,--,--,--,--,--,--,--,--,--,--,--,--,--,0,--,0,--,0,--,--,--,--,--,--,--,0,0,0,
应付账款(万元),--,307796,--,250946,217739,208158,244044,224640,198506,169264,172495,160947,156460,144432,173018,153196,139639,139090,102565,105577,97246,97588,95237,87567,93265,76399,68753,55266,45610,45307,36330,29134,27870,26920,19470,19289,15795,17479,13238,13183,7928,8556,8038,7080,6473,6265,5355,5863,4797,4666,
预收账款(万元),74519,157243,136628,117098,133642,172772,206504,172182,114868,121884,77257,73149,90777,94758,98135,101346,101565,102082,125445,118268,95891,46247,41182,39479,40195,37091,49997,41859,25366,14594,1696,4117,3365,1428,1349,1152,446,147,336,156,27,26,47,1,1,--,--,0,0,0,
卖出回购金融资产款(万元),--,--,--,--,--,--,--,--,--,--,--,--,--,--,--,--,--,--,--,--,--,--,--,--,--,--,--,--,--,--,--,--,--,--,--,0,--,0,--,0,--,--,--,--,--,--,--,0,0,0,
应付手续费及佣金(万元),--,--,--,--,--,--,--,--,--,--,--,--,--,--,--,--,--,--,--,--,--,--,--,--,--,--,--,--,--,--,--,--,--,--,--,0,--,0,--,0,--,--,--,--,--,--,--,0,0,0,
应付职工薪酬(万元),7581,10590,8113,7286,6308,10784,7343,7179,5510,6985,3987,3771,3407,4380,3164,3080,2616,3032,2410,2552,2155,2651,1892,1889,1682,1996,1528,1395,1192,1240,902,859,774,914,718,624,552,574,362,348,351,370,410,468,446,542,615,720,774,782,
应交税费(万元),56472,40063,72309,62856,83228,69195,61965,55273,76409,53373,42718,36101,42517,38782,33731,34197,37916,31350,47930,36514,36826,22828,20318,16652,16785,13759,509,3244,1181,-2569,1646,6416,9352,7333,4733,2456,4280,3597,2233,2022,11,-1427,2209,2725,2617,2793,2260,2141,1220,1199,
应付利息(万元),62760,78572,53119,51890,37657,50277,36031,21215,30220,27618,30197,17930,21743,28141,22400,12769,18282,9922,11624,9694,19211,11425,5272,978,12819,8729,4654,762,12616,8651,4668,642,1046,846,1038,975,1507,1332,1148,963,904,704,479,176,71,71,71,70,78,73,
应付股利(万元),--,--,--,139386,--,--,--,--,--,--,--,--,--,--,--,--,--,--,--,57167,--,--,--,43974,--,--,--,407,--,--,--,--,--,--,--,0,--,0,--,0,--,--,--,--,--,--,--,0,768,0,
其他应交款(万元),--,--,--,--,--,--,--,--,--,--,--,--,--,--,--,--,--,--,--,--,--,--,--,--,--,--,--,--,--,--,--,--,--,--,--,0,--,0,--,0,--,--,--,--,--,--,--,0,0,0,
应付保证金(万元),--,--,--,--,--,--,--,--,--,--,--,--,--,--,--,--,--,--,--,--,--,--,--,--,--,--,--,--,--,--,--,--,--,--,--,0,--,0,--,0,--,--,--,--,--,--,--,--,0,0,
内部应付款(万元),--,--,--,--,--,--,--,--,--,--,--,--,--,--,--,--,--,--,--,--,--,--,--,--,--,--,--,--,--,--,--,--,--,--,--,0,--,0,--,0,--,--,--,--,--,--,--,--,0,0,
其他应付款(万元),--,168479,--,151851,144509,160346,61314,53938,68841,41669,90920,72532,47168,44845,46656,48131,40652,37325,39900,43727,10066,15698,9928,8744,7292,7040,6392,5989,4187,3477,1889,2420,3027,1822,2284,5179,856,2574,798,1715,89,323,263,243,143,279,541,12,17,17,
预提费用(万元),--,--,--,--,--,--,--,--,--,--,--,--,--,--,--,--,--,--,--,--,--,--,--,--,--,--,--,--,--,--,--,--,--,--,--,0,--,0,--,0,--,--,--,--,--,--,35,35,35,0,
预计流动负债(万元),--,--,--,--,--,--,--,--,--,--,--,--,--,--,--,--,--,--,--,--,--,--,--,--,--,--,--,--,--,--,--,--,--,--,--,0,--,0,--,0,--,--,--,--,--,--,--,0,0,0,
应付分保账款(万元),--,--,--,--,--,--,--,--,--,--,--,--,--,--,--,--,--,--,--,--,--,--,--,--,--,--,--,--,--,--,--,--,--,--,--,0,--,0,--,0,--,--,--,--,--,--,--,0,0,0,
保险合同准备金(万元),--,--,--,--,--,--,--,--,--,--,--,--,--,--,--,--,--,--,--,--,--,--,--,--,--,--,--,--,--,--,--,--,--,--,--,0,--,0,--,0,--,--,--,--,--,--,--,0,0,0,
代理买卖证券款(万元),--,--,--,--,--,--,--,--,--,--,--,--,--,--,--,--,--,--,--,--,--,--,--,--,--,--,--,--,--,--,--,--,--,--,--,0,--,0,--,0,--,--,--,--,--,--,--,0,0,0,
代理承销证券款(万元),--,--,--,--,--,--,--,--,--,--,--,--,--,--,--,--,--,--,--,--,--,--,--,--,--,--,--,--,--,--,--,--,--,--,--,0,--,0,--,0,--,--,--,--,--,--,--,0,0,0,
国际票证结算(万元),--,--,--,--,--,--,--,--,--,--,--,--,--,--,--,--,--,--,--,--,--,--,--,--,--,--,--,--,--,--,--,--,--,--,--,0,--,0,--,0,--,--,--,--,--,--,--,--,0,0,
国内票证结算(万元),--,--,--,--,--,--,--,--,--,--,--,--,--,--,--,--,--,--,--,--,--,--,--,--,--,--,--,--,--,--,--,--,--,--,--,0,--,0,--,0,--,--,--,--,--,--,--,--,0,0,
递延收益(万元),--,--,--,--,--,--,--,--,--,--,--,--,--,--,--,--,--,--,--,--,--,--,--,--,--,--,--,--,--,--,--,--,--,--,--,0,--,0,--,0,--,--,--,--,--,--,--,0,0,0,
应付短期债券(万元),--,--,--,--,--,--,--,--,--,--,--,--,--,--,--,--,--,--,--,--,--,--,100000,--,--,--,--,--,--,--,--,--,--,--,--,0,--,0,--,0,--,--,--,--,39951,39557,39163,38769,0,19992,
一年内到期的非流动负债(万元),--,--,--,--,250000,250000,250000,250000,--,--,450,457,467,450,--,--,20000,20000,20000,20000,89004,87489,86122,--,20000,20000,40400,30400,34000,34000,--,5000,10000,10000,--,0,--,0,--,0,--,--,--,--,--,--,--,0,0,0,
其他流动负债(万元),275000,675000,975000,900000,500000,500000,750000,950000,950000,750000,750000,450000,450000,550000,200000,200000,200000,100000,100000,200000,200000,200000,--,--,--,--,116,116,163,288,--,--,--,--,--,0,--,0,--,0,--,--,--,--,--,--,--,0,0,0,
流动负债合计(万元),2497790,2603649,2940493,2929620,2560486,2560757,2524740,2650942,2276592,2002444,1902731,1483358,1433483,1387918,959095,934707,890670,824801,771874,935498,842399,713333,529358,458690,461445,375014,322349,289439,254315,204988,127131,158588,193434,163264,145615,140700,69960,111729,105540,115814,85210,65451,53345,62593,101601,87406,92940,89510,54590,76630,
长期借款(万元),69000,69000,--,--,--,--,--,--,--,--,--,--,--,27,503,503,450,450,450,450,20450,20450,20000,20000,--,--,--,20000,40000,40000,63600,60000,90000,90000,64576,54576,54576,14576,14576,4576,--,--,--,--,--,--,--,0,0,0,
应付债券(万元),1678301,1677341,1477427,1327314,1029344,830669,833065,238962,488911,488860,488813,488765,488654,488544,488442,488339,488223,249625,249667,249500,249437,249375,249312,334005,332576,331147,329718,328289,326860,325430,324097,322765,72744,71474,70044,68946,67848,66749,65651,64553,63455,62356,61296,60236,--,--,--,0,0,0,
长期应付款(万元),--,180000,180000,180000,180000,180000,--,--,--,--,--,--,--,--,--,--,--,--,--,--,--,--,--,--,--,--,--,--,--,--,--,--,--,--,--,0,--,0,--,0,--,--,--,--,--,--,--,0,0,0,
专项应付款(万元),--,--,--,--,--,--,--,--,--,--,--,--,--,--,--,--,--,--,--,--,--,--,--,--,--,--,--,--,--,--,--,--,--,--,--,0,--,0,--,0,--,--,--,--,--,--,1780,1780,0,0,
预计非流动负债(万元),--,--,--,--,--,--,--,--,--,--,--,--,--,--,--,--,--,--,--,--,--,--,--,--,--,--,--,--,--,--,--,--,--,--,--,0,--,0,--,0,--,--,--,--,--,--,--,0,0,0,
长期递延收益(万元),102329,102729,111613,93493,89538,87278,61108,53780,52870,52772,51840,49691,49377,49659,41699,41588,42015,40922,--,--,--,--,--,--,--,--,--,--,--,--,--,--,--,--,--,0,--,0,--,--,--,--,--,--,--,--,--,--,280,--,
递延所得税负债(万元),73,71,--,--,--,--,--,--,58,--,265,448,251,532,332,242,141,261,--,--,--,--,--,--,--,--,--,--,--,--,--,--,--,--,--,0,--,0,--,0,--,--,7350,7350,--,--,--,0,0,0,
其他非流动负债(万元),--,--,--,--,--,--,--,--,--,--,--,--,--,--,--,--,--,--,40570,40762,40731,38942,37679,36710,31265,31354,31230,29499,28567,28503,30083,29353,28094,3510,2610,2110,1460,1460,1820,1760,1440,1440,2164,2164,2164,864,--,0,0,0,
非流动负债合计(万元),2029702,2029142,1769040,1600807,1298882,1097947,894173,292741,541839,541633,540917,538903,538283,538761,530976,530673,530829,291258,290686,290712,310619,308767,306992,390715,363841,362501,360948,377787,395426,393933,417781,412118,190838,164984,137230,125632,123883,82785,82047,70889,64895,63796,70811,69750,2164,864,1780,1780,280,0,
负债合计(万元),4527493,4632791,4709533,4530427,3859368,3658705,3418913,2943684,2818430,2544077,2443649,2022262,1971765,1926679,1490071,1465380,1421499,1116059,1062560,1226210,1153018,1022100,836350,849405,825286,737515,683297,667226,649742,598921,544912,570706,384271,328248,282845,266332,193843,194514,187587,186702,150104,129247,124156,132344,103766,88271,94720,91290,54870,76630,
实收资本(或股本)(万元),497386,497386,497386,497386,497425,497425,494674,494674,494722,494722,494722,494722,439743,439743,439743,439743,219871,219871,219871,219871,219871,219871,219871,219871,219871,219871,219871,219871,219871,219871,219871,219871,219871,169437,169437,169437,169437,169437,169437,169437,76440,76440,76440,76440,76440,50960,50960,43860,21930,21930,
资本公积(万元),1164949,1164994,1175415,1170306,1166090,1161360,1136969,1137109,1135585,1133875,1133457,1132260,365728,365728,365728,365728,475663,475663,475465,474609,474771,474977,475059,474595,474528,474319,474229,474353,474107,473976,474114,474680,474806,181862,181971,181050,182098,182098,180834,180834,146865,146865,140861,140861,119284,139668,139668,44445,59796,59796,
减:库存股(万元),38321,38321,38321,38321,38599,38599,9520,13601,13941,13941,--,--,--,--,--,--,--,--,--,--,--,--,--,--,--,--,--,--,--,--,--,--,--,--,--,0,--,0,--,0,--,--,--,--,--,--,--,0,0,0,
专项储备(万元),--,--,--,--,--,--,--,--,--,--,--,--,--,--,--,--,--,--,--,--,--,--,--,--,--,--,--,--,--,--,--,--,--,--,--,0,--,0,--,0,--,--,--,--,--,--,--,--,0,--,
盈余公积(万元),161132,161132,188248,188248,188248,188248,147409,147409,147409,147409,114517,114517,114517,114517,87640,87640,87640,87640,64560,64560,64560,64560,46321,46321,46321,46321,32469,32469,32469,32469,22549,22549,22549,22549,15728,15728,15728,15728,10778,10778,10778,10778,7490,7490,7490,7490,6024,6024,6024,6024,
一般风险准备(万元),--,--,--,--,--,--,--,--,--,--,--,--,--,--,--,--,--,--,--,--,--,--,--,--,--,--,--,--,--,--,--,--,--,--,--,0,--,0,--,0,--,--,--,--,--,--,--,0,0,0,
未确定的投资损失(万元),--,--,--,--,--,--,--,--,--,--,--,--,--,--,--,--,--,--,--,--,--,--,--,--,--,--,--,--,--,--,--,--,--,--,--,0,--,0,--,0,--,--,--,--,--,--,--,0,0,0,
未分配利润(万元),759901,737813,1343870,1219598,1240834,1098526,1038471,938492,954091,853171,811197,728626,757352,658448,620401,552942,673504,591696,536008,488858,502460,443355,412306,368064,373375,317586,287957,258115,238769,198313,171812,151301,142654,118723,101145,84912,76844,59923,46808,36712,68435,57528,46353,40829,34180,33796,30630,26958,29472,27998,
拟分配现金股利(万元),--,--,--,--,--,--,--,--,--,--,--,--,--,--,--,--,--,--,--,--,--,--,--,--,--,--,--,--,--,--,--,--,--,--,--,0,--,0,--,0,--,--,--,--,--,--,--,0,0,0,
外币报表折算差额(万元),--,--,--,--,--,--,--,--,--,--,--,--,--,--,--,--,--,--,--,--,--,--,--,--,--,--,--,--,--,--,--,--,--,--,--,0,--,0,--,0,--,--,--,--,--,--,--,0,0,0,
归属于母公司股东权益合计(万元),2841573,2819495,3462005,3333566,3350106,3203296,3105302,3000943,3014573,2911557,2850382,2766478,1973430,1876513,1809715,1744500,1754309,1671597,1295904,1247899,1261664,1202764,1153557,1108852,1114096,1058098,1014527,984809,965215,924629,888346,868401,859881,492572,468281,451127,444107,427186,407857,397761,302519,291611,271144,265619,237394,231914,227281,121287,117222,115748,
少数股东权益(万元),10644,10508,9722,9813,10013,10201,9456,9099,9577,26756,6666,6788,6999,7331,2246,2147,260,276,250,264,265,275,218,216,1571,215,174,179,194,199,175,179,--,--,--,0,--,0,--,0,--,--,--,--,--,--,--,0,0,0,
所有者权益(或股东权益)合计(万元),2852217,2830003,3471727,3343378,3360119,3213497,3114758,3010042,3024150,2938313,2857049,2773267,1980429,1883844,1811961,1746648,1754569,1671873,1296155,1248163,1261928,1203039,1153775,1109067,1115667,1058314,1014701,984988,965409,924828,888521,868580,859881,492572,468281,451127,444107,427186,407857,397761,302519,291611,271144,265619,237394,231914,227281,121287,117222,115748,
负债和所有者权益(或股东权益)总计(万元),7379709,7462794,8181260,7873805,7219487,6872202,6533670,5953725,5842580,5482390,5300697,4795528,3952194,3810523,3302032,3212027,3176068,2787932,2358715,2474373,2414946,2225139,1990125,1958472,1940953,1795829,1697997,1652214,1615151,1523749,1433432,1439286,1244152,820820,751126,717458,637950,621700,595444,584463,452623,420859,395300,397963,341160,320185,322001,212576,172091,192377,		
  